R= 0.1
 L= 5.1e-06
 C= 0.0001
 V0= 5.14
 I0= 1.1
 alfa= 49999.99999999999
 omega= 44280.744277004764
 