A= -623353.3149309496
 B= 1631196.4521858515
 e1= 26778.981682008623
 e2= 73220.99955745466
