Voltage:
A_fit= -5.4297020257363195
 omega= 44241.785235647294
 phi= -1.8296690711734793
 decay= 9914.661696815876
 
Current:
A_fit= 24.1646480774968
 omega= 44268.17467758827
 phi= -3.388580321749225
 decay= 9967.355206766963
 
