ts1 = -26748.19108698505
ts2 = -73452.20971461815
tA = 23.309355381613184
tB = -22.209355381613182
L= 5.1e-06
