tA = 5.332735563626464
tphi = 1.3011231952176994
