R= 0.1
 L= 5.1e-06
 C= 9.98e-05
 V0= 5.14
 I0= 1.1
 alfa= 9803.921568627451
 omega= 44325.09155329412
 